K1: 
   rows: 3
   cols: 3
   dt: d
   data: [ 8.8541834949676320e+02, 0., 9.3279601519651112e+02, 0.,
       8.8545720827283162e+02, 6.3133691748323599e+02, 0., 0., 1. ]
K2: 
   rows: 3
   cols: 3
   dt: d
   data: [ 8.8541834949676320e+02, 0., 9.3279601519651112e+02, 0.,
       8.8545720827283162e+02, 6.3133691748323599e+02, 0., 0., 1. ]
D1: 
   rows: 1
   cols: 5
   dt: d
   data: [ -8.4824665814895298e-02, 4.8346946728534138e-02,
       -4.5871845799310825e-03, -4.7876904912481748e-04,
       -1.4124553705409071e-02 ]
D2: 
   rows: 1
   cols: 5
   dt: d
   data: [ -8.4824665814895298e-02, 4.8346946728534138e-02,
       -4.5871845799310825e-03, -4.7876904912481748e-04,
       -1.4124553705409071e-02 ]
R: 
   rows: 3
   cols: 3
   dt: d
   data: [ 9.9953207474458960e-01, -2.8653023941794947e-02,
       -1.0706809784763731e-02, 2.8916033610803027e-02,
       9.9926223799141523e-01, 2.5275338268896400e-02,
       9.9746958347157848e-03, -2.5573109771382024e-02,
       9.9962318975683317e-01 ]
T: [ -2.4462312578103804e-01, 6.7678476110170464e-03,
    -7.4070605036589063e-03 ]
E: 
   rows: 3
   cols: 3
   dt: d
   data: [ 2.8169003185665546e-04, 7.2285209459514938e-03,
       6.9525133765211845e-03, -4.9635532791776158e-03,
       -6.0435393662674154e-03, 2.4461025526940516e-01,
       -1.3838211291259275e-02, -2.4424873283278264e-01,
       -6.1104701954871011e-03 ]
F: 
   rows: 3
   cols: 3
   dt: d
   data: [ -2.0828870650295703e-06, -5.3447159379735855e-05,
       -9.8320756193748752e-03, 3.6700152795517230e-05,
       4.4683530513344198e-05, -1.6638387320666499e+00,
       6.9371604614256926e-02, 1.6206727624257604e+00, 1. ]
R1: 
   rows: 3
   cols: 3
   dt: d
   data: [ 9.9819483228816297e-01, -5.7025432971527387e-02,
       1.8846134553693043e-02, 5.6786774410947587e-02,
       9.9830213943983326e-01, 1.2965363159267190e-02,
       -1.9553491892913076e-02, -1.1871747312900926e-02,
       9.9973832704889953e-01 ]
R2: 
   rows: 3
   cols: 3
   dt: d
   data: [ 9.9915992083469507e-01, -2.7643184027080821e-02,
       3.0254040630148957e-02, 2.8017009665379084e-02,
       9.9953538226541128e-01, -1.2002781717091557e-02,
       -2.9908188962486822e-02, 1.2840326178996964e-02,
       9.9947017276985362e-01 ]
P1: 
   rows: 3
   cols: 4
   dt: d
   data: [ 7.6222165687697941e+02, 0., 8.7938203430175781e+02, 0., 0.,
       7.6222165687697941e+02, 6.1557455444335938e+02, 0., 0., 0., 1.,
       0. ]
P2: 
   rows: 3
   cols: 4
   dt: d
   data: [ 7.6222165687697941e+02, 0., 8.7938203430175781e+02,
       -1.8661381462086959e+02, 0., 7.6222165687697941e+02,
       6.1557455444335938e+02, 0., 0., 0., 1., 0. ]
Q: 
   rows: 4
   cols: 4
   dt: d
   data: [ 1., 0., 0., -8.7938203430175781e+02, 0., 1., 0.,
       -6.1557455444335938e+02, 0., 0., 0., 7.6222165687697941e+02, 0.,
       0., 4.0844867697792502e+00, 0. ]
