calib_time: 2020-04-29 17:17:15.385585
S_02: 1920.0 1208.0
K_02: 885.4183494967632 0.0 932.7960151965111 0.0 885.4572082728316 631.336917483236 0.0 0.0 1.0
D_02: -0.0848246658148953 0.04834694672853414 -0.0045871845799310825 -0.0004787690491248175 -0.014124553705409071
R_02: 0.9995320747445896 -0.028653023941794947 -0.01070680978476373 0.028916033610803027 0.9992622379914152 0.0252753382688964 0.009974695834715785 -0.025573109771382024 0.9996231897568332
T_02: -0.24462312578103804 0.006767847611017046 -0.007407060503658906
S_02_rect: 1620.0 908.0
R_rect_02: 0.998194832288163 -0.05702543297152739 0.018846134553693043 0.05678677441094759 0.9983021394398333 0.01296536315926719 -0.019553491892913076 -0.011871747312900926 0.9997383270488995
P_rect_02: 762.2216568769794 0.0 879.3820343017578 0.0 0.0 762.2216568769794 615.5745544433594 0.0 0.0 0.0 1.0 0.0
S_03: 1920.0 1208.0
K_03: 885.4183494967632 0.0 932.7960151965111 0.0 885.4572082728316 631.336917483236 0.0 0.0 1.0
D_03: -0.0848246658148953 0.04834694672853414 -0.0045871845799310825 -0.0004787690491248175 -0.014124553705409071
R_03: 0.9995320747445896 -0.028653023941794947 -0.01070680978476373 0.028916033610803027 0.9992622379914152 0.0252753382688964 0.009974695834715785 -0.025573109771382024 0.9996231897568332
T_03: -0.24462312578103804 0.006767847611017046 -0.007407060503658906
S_03_rect: 1620.0 908.0
R_rect_03: 0.9991599208346951 -0.02764318402708082 0.030254040630148957 0.028017009665379084 0.9995353822654113 -0.012002781717091557 -0.02990818896248682 0.012840326178996964 0.9994701727698536
P_rect_03: 762.2216568769794 0.0 879.3820343017578 -186.6138146208696 0.0 762.2216568769794 615.5745544433594 0.0 0.0 0.0 1.0 0.0
